-0.0023437
-0.0023437
-0.0023437
-0.0023437
-0.0023437
-0.0023437
-0.0023437
-0.0023437
-0.0023437
-0.0023437
-0.0023437
-0.0023437
-0.0023437
-0.0023437
-0.0023437
-0.0023437
-0.0023437
-0.0023437
-0.0050077
-0.0023437
-0.0023437
-0.0023437
-0.0023437
-0.0023437
-0.0023437
-0.0023437
-0.0023437
-0.0023974
-0.0023437
-0.0023437
-0.0023437
-0.0023437
-0.0023437
-0.0023437
-0.0023437
-0.0023437
-0.0023437
-0.0023437
-0.0023437
-0.0023437
-0.0099048
-0.0023437
-0.003848
-0.0023437
-0.0023437
-0.0023437
-0.0023437
-0.0023437
-0.0023437
-0.0023437
-0.0023437
-0.0025662
-0.0023437
-0.0023437
-0.0023437
-0.0032224
-0.0023437
-0.0091495
-0.0023437
-0.0023437
-0.0077542
-0.0023437
-0.0023437
-0.0023437
-0.0023437
-0.0023437
-0.0050077
-0.0032224
-0.0023437
-0.0023437
-0.0023437
-0.0023437
-0.0052785
-0.0023437
-0.0023437
-0.0023437
-0.0023437
-0.0023437
-0.0023437
-0.0023437
-0.0023437
-0.0023437
-0.0023437
-0.0023437
-0.0023437
-0.0023437
-0.0023437
-0.0023437
-0.0023437
-0.0023437
-0.0023437
-0.0023437
-0.0023437
The maximum robustness is -0.0023437
